1
2
3
4
6
13
14
15
20
23
24
25
28
32
33
35
37
38
39
40
4
1
42
43
44
45
49
52
54
58
60
61
65
69
70
71
74
77
78
79
80
82
84
85
86
87
89
90
92
93
94
96
98
100
104
105
1
07
108
109
112
115
116
118
1
22
123
125
126
127
128
129
1
30
131
133
134
135
136
137
1
38
139
140
141
143
144
148
154
159
160
161
162
163
164
166
167
168
171
172
173
174
175
177
178
179
181
184
187
188
190
191
193
194
195
199
201
204
206
207
208
209
212
215
216
217
219
220
222
224
226
227
229
230
231
233
234
236
237
239
241
245
246
247
249
251
252
253
254
255
0
2
3
4
5
7
8
9
10
11
13
14
15
17
18
19
21
22
24
2
5
26
29
31
32
35
39
40
44
45
46
47
51
52
53
54
55
56
57
59
60
61
62
63
67
68
69
70
7
2
73
74
75
77
79
81
83
84
85
86
88
89
90
94
9
5
99
100
101
102
106
107
111
112
113
114
115
116
117
118
119
121
122
123
126
127
128
129
130
132
133
134
135
137
138
140
141
142
143
145
147
148
152
156
157
158
159
160
162
163
164
168
169
173
174
176
177
178
179
181
183
184
185
186
191
194
195
198
199
202
204
208
209
210
211
213
214
215
216
217
218
220
222
223
224
225
226
227
229
230
231
232
235
236
239
240
241
244
245
246
247
248
254
255
0
4
6
10
11
13
1
4
15
16
17
18
20
21
22
23
25
27
28
29
30
31
32
33
34
35
36
39
43
47
48
52
53
56
57
5
8
59
60
61
62
63
64
65
66
67
69
70
71
72
75
76
7
7
78
79
80
81
86
89
90
92
94
95
97
98
99
100
104
108
109
110
111
112
113
115
116
117
118
119
120
122
123
124
125
126
127
128
129
130
132
133
134
135
140
143
145
147
152
153
156
157
158
160
162
163
164
165
166
167
168
169
170
173
174
178
179
181
182
184
186
188
191
192
193
194
195
196
198
199
200
201
202
203
206
207
209
210
215
218
220
221
222
223
225
226
227
228
229
231
232
233
234
235
236
238
239
241
242
243
244
246
247
251
252
255
0
1
3
4
6
8
9
10
11
13
14
17
18
19
21
22
23
27
28
29
30
33
34
35
40
41
43
47
50
52
53
54
56
57
58
63
65
67
68
70
71
72
73
7
4
75
78
79
80
85
86
87
89
90
91
92
94
95
97
98
100
101
1
02
103
104
105
106
107
109
1
11
112
113
114
115
116
117
119
120
123
124
125
126
127
128
129
133
134
135
136
139
142
143
144
148
150
151
152
157
158
159
160
161
162
163
165
166
167
168
169