242
243
244
245
246
247
248
249
250
251
252
253
254
255
0
1
2
3
4
5
6
7
8
9
10
11
12
13
14
15
1
1
2
2
3
3
4
5
5
6
6
7
8
9
8
11
9
12
10
13
11
14
15
16
13
17
14
18
15
19
16
20
22
23
19
24
20
25
21
26
22
2
7
23
28
24
29
30
25
31
26
32
27
33
28
34
29
35
30
36
31
37
32
38
33
34
39
35
36
41
3
7
42
43
38
44
39
45
40
46
47
42
43
44
48
45
46
47
50
48
50
4
9
51
50
52
53
52
54
53
55
54
56
55
56
57
58
59
60
61
60
62
61
63
62
64
63
64
65
66
6
7
66
67
69
68
70
69
71
70
72
71
73
72
74
74
75
75
76
76
77
77
78
78
79
79
80
80
81
82
83
84
85
82
83
86
84
87
88
86
87
89
88
90
89
91
90
91
92
93
92
94
95
93
9
6
97
98
94
99
100
95
101
96
102
97
103
98
105
99
106
107
100
108
109
110
111
104
112
105
113
106
114
107
115
116
108
117
109
118
110
111
119
112
113
121
114
122
123
116
124
117
125
118
126
119
127
120
128
121
122
123
129
124
130
125
131
126
132
127
133
128
134
135
129
136
130
137
131
138
132
139
140
133
141
134
142
143
136
144
137
145
146
139
147
140
148
141
149
142
150
144
151
145
152
146
153
147
154
148
155
149
156
150
157
151
158
159
160
153
162
153
163
154
164
165
155
166
167
157
168
158
170
159
171
172
161
173
174
163
175
164
176
177
165
166
167
178
168
179
180
181
171
182
183
184
185
186
187
188
189
175
177
190
177
191
178
192
179
180
181
193
182
194
195
184
196
185
197
186
198
187
199
188
200
189
201
190
202
191
192
203
193
204
194
205
195
206
196
207
197
208
198
209
199
210
200
211
212
201
213
202
214
203
204
215
205
216
206
217
207
218
208
219
209
220
221
210
222
211
223
212
224
214
225
226
227
216
228
217
229
230
218
231
219
232
220
233
234
222
222
235
224
224
236
225
226
237
227
228
238
229
230
231
239
240
234
235
241
236
242
237
243
244
238
245
239
246
240
247
241
248
249
242
250
251
252
244
253
254
246
247
255
248
0
1
250
2
251
3
5
252
5
253
6
7
254
8
255
9
0
10
11
1
12
2
13
17
14
3
4
15
5
16
6
17
7
18
8
19
9
10
11
12
21
13
22
14
15
16
17
18
23
19
24
20
26
2
1
26
22
23
28
24
25
26
27
28
29
29
29
30
30
31
31
32
32
33
34
34
35
36
36
37
37
38
38
39
39
4
0
41
42
41
43
44
42
43
45
44
46
47
45
46
49
47
50
48
51
49
52
53
50
54
51
55
52
56
5
7
55
58
59
56
60
57
61
58
62
59
63
60
61
64
62
65
63
64
66
65
67
68
66
69
67
70
68
71
72
69
70
73
74
71
72
73
74
75
76
77
78
18
79
80
81
8
3
84
75
85
86
76
87
77
88
78
89
90
91
79
92
80
81
82
83
95
85
96
86
97
87
98
88
99
8
9
90
100
91
101
92
102
93
10
3
94
95
105
96
106
97
107
98
109
109
99
110
100
101
113
102
114
115
104
105
106
117
107
118
108
119
109
121
110
122
111
123
112
125
113
114
126
115
128
116
130
117
130
118
131
132
119
133
120
134
121
122
135
123
137
124
138
139
140
141
142
143
144
145
146
147
148
149
126
150
151
152
153
126
154
155
127
156
128
157
129
130
131
132
159
133
160
134
135
162
136
163
137
164
138
165
139
140
141
166
142
167
143
168
169
144
171
145
172
146
174
148
148
176
149
177
150
178
151
179
152
180
153
181
154
182
155
156
184
157
158
185
186
159
187
188
189
160
190
191
161
162
192
193
194
195
163
164
196
165
197
166
198
167
168
200
169
201
170
202
203
171
172
204
173
205
174
175
176
208
177
178
210
180
211
181
212
213
183
184
185
215
186
216
187
217
188
218
189
190
191
220
192
221
193
222
223
224
195
225
196
226
197
227
198
228
199
229
200
230
201
202
231
203
232
204
205
233
206
207
235
236
209
238
210
239
211
241
212
242
213
214
243
215
244
216
245
217
246
218
219
247
220
221
249
222
250
223
224
225
253
226
227
228
255
229
230
1
231
232
2
233
234
4
5
235
236
7
237
8
238
9
239
10
240
11
241
12
242
243
244
15
245
16
246
247
18
248
19
249
20
250
251
21
252
253
2
2
254
23
255
0
25
1
2
27
3
4
28
5
29
6
30
7
32
8
9
10
11
34
34
12
35
13
36
14
37
1
5
38
16
39
17
40
18
19
41
20
42
21
43
44
22
46
47
48
49
23
50
24
51
25
52
26
53
27
2
8
54
29
55
30
56
31
32
57
58
33
34
35
60
36
61
37
62
63
38
39
40
65
41
66
4
2
67
44
68
44
45
69
46
70
47
71
48
49
50
73
51
52
74
76
54
77
78
55
79
56
80
57
58
8
2
59
60
61
62
85
63
86
87
64
19
65
66
88
67
68
89
69
90
70
91
71
92
72
73
93
74
94
75
95
76
96
97
77
98
78
79
8
0
99
81
100
82
101
102
83
10
3
104
84
105
106
85
107
86
1
08
87
109
88
89
110
90
91
11
1
92
112
93
94
113
95
114
11
5
116
97
117
98
99
100
119
101
102
122
103
1
23
104
124
105
106
125
107
1
26
108
109
127
110
129
130
1
11
131
112
132
113
133
114
1
15
134
116
117
136
118
137
1
19
138
120
139
121
122
123
142
124
144
125
145
146
126
147
148
149
150
127
152
128
153
129
154
130
155
131
156
132
157
133
158
134
160
161
135
162
137
163
164
137
138
165
139
166
140
167
141
168
142
169
143
144
171
145
146
147
174
148
149
150
176
151
177
178
152
153
179
154
155
20
156
157
180
158
181
1
59
182
183
184
185
186
161
1
87
188
162
162
163
190
164
1
91
165
166
192
167
193
168
194
169
195
170
196
171
197
172
198
173
199
174
175
176
201
177
202
178
203
179
180
205
181
182
206
183
207
184
208
185
209
186
187
210
188
189
211
212
190
191
214
215
192
193
217
194
218
219
195
220
196
221
197
222
198
223
199
200
225
201
226
202
227
228
203
204
205
230
206
231
207
232
208
233
209
234
210
235
236
211
238
212
213
239
214
215
216
240
217
242
218
219
242
220
243
21
244
221
2
45
222
246
223
224
247
225
248
226
227
249
228
250
229
251
252
253
254
231
255
0
232
1
233
2
234
3
235
236
237
4
238
5
239
6
7
240
8
241
10
242
11
243
12
244
13
245
246
15
247
16
248
17
249
18
250
19
251
20
252
21
253
22
23
255
0
24
1
25
2
26
3
27
28
4
29
5
30
6
7
32
33
8
34
35
36
37
38
9
3
9
10
40
12
41
12
13
43
14
15
44
16
17
45
18
46
19
47
20
48
49
21
50
22
51
23
24
52
5
3
25
54
55
26
56
27
57
28
29
58
30
59
31
60
32
33
61
34
62
35
63
36
64
37
38
65
39
66
40
67
41
68
42
43
69
70
44
45
72
46
73
47
48
74
49
75
50
7
6
51
77
52
78
53
79
54
80
55
81
56
57
84
85
59
59
87
60
88
62
90
62
91
63
92
64
65
9
4
66
95
67
96
68
69
97
70
71
98
72
99
73
74
100
75
101
77
102
103
77
78
79
105
80
107
82
107
82
1
09
83
110
84
111
85
112
86
8
7
113
114
88
89
90
117
91
92
93
118
94
119
95
120
96
97
122
98
122
99
100
123
101
124
102
103
125
104
126
105
127
106
107
128
108
129
109
130
131
110
111
133
112
134
135
136
114
137
114
115
138
139
140
141
142
116
143
117
145
118
119
146
120
147
121
148