2
3
3
4
4
5
6
6
7
8
9
8
10
9
11
10
12
11
13
12
13
16
14
15
18
16
19
20
21
19
22
21
2
3
22
25
25
26
29
30
28
32
33
34
34
37
38
39
38
40
39
42
43
41
44
45
46
44
47
45
48
46
47
49
5
0
51
50
52
53
54
52
56
54
57
55
58
59
57
61
62
63
62
63
66
64
65
68
66
69
69
70
72
7
1
73
72
74
75
76
77
78
80
79
82
80
82
86
85
88
86
8
9
87
91
89
90
92
92
94
95
96
94
97
98
100
101
99
102
103
101
104
106
108
109
106
110
107
111
108
109
114
112
113
116
117
119
117
121
122
122
124
123
125
127
127
128
128
130
137
138
139
140
140
141
141
142
143
144
145
146
148
147
148
149
149
150
151
152
153
153
154
155
156
157
156
157
158
159
158
159
160
161
162
162
163
163
165
166
167
168
169
169
170
170
171
172
172
173
174
175
175
176
176
177
177
178
179
180
182
183
182
184
185
184
186
185
187
188
186
187
190
190
191
191
193
194
193
194
195
197
198
199
199
200
201
201
202
203
204
205
206
207
207
208
208
209
209
210
210
211
212
211
212
215
213
214
217
218
216
219
217
218
219
220
223
222
225
226
229
230
229
231
230
231
232
233
235
234
236
237
238
238
239
242
244
246
247
248
249
250
251
249
250
252
252
254
255
254
255
0
1
2
3
2
4
3
5
4
6
5
7
6
9
7
10
8
9
12
10
11
12
14
13
15
16
17
20
18
1
9
20
24
25
22
26
27
31
27
32
33
29
34
35
31
37
33
40
41
42
38
39
40
41
43
49
45
46
4
7
48
49
54
50
55
51
56
52
57
53
58
54
59
55
60
56
57
62
58
63
59
60
65
61
66
62
67
68
69
65
70
71
68
70
71
74
72
74
78
75
77
78
8
2
79
83
84
85
86
82
83
89
84
90
86
92
87
88
90
97
99
93
94
101
95
96
104
98
106
107
101
102
104
112
106
113
107
114
115
108
116
109
117
110
119
111
120
112
121
122
114
115
123
116
124
125
126
119
127
120
128
129
121
130
124
133
125
126
127
128
129
138
139
131
140
141
142
143
144
137
146
139
140
149
141
150
142
143
152
144
145
146
155
156
148
157
158
159
151
160
152
161
153
154
155
164
165
157
166
167
158
168
169
170
171
172
163
164
165
176
166
177
179
181
182
170
183
171
184
173
174
175
188
190
179
192
181
182
194
195
184
185
196
186
197
198
199
190
203
193
194
195
198
199
200
211
212
203
214
204
215
205
217
206
207
220
209
211
223
212
224
213
214
215
229
217
231
232
233
220
234
222
236
223
240
228
242
243
230
231
234
247
235
248
236
237
238
239
251
241
253
254
255
243
244
1
245
2
246
3
4
247
251
8
25
2
9
253
11
12
13
1
14
15
2
3
17
18
4
19
5
6
21
7
22
26
11
12
30
31
15
16
33
17
34
35
36
37
38
22
39
41
42
26
27
28
29
47
49
32
51
5
2
53
35
36
55
39
59
60
42
62
43
64
65
66
67
68
49
50
51
52
72
55
56
57
78
58
59
60
81
8
2
62
64
65
86
66
87
88
68
69
70
90
71
72
73
94
74
96
75
97
76
77
78
81
82
83
105
84
106
85
107
88
89
110
111
92
112
93
114
96
97
117
98
118
99
119
120
122
104
123
105
106
125
107
109
128
111
130
113
132
115
133
134
116
117
136
119
120
139
140
142
124
125
144
126
145
127
146
128
147
148
130
150
152
153
134
155
156
136
157
137
159
139
140
161
162
163
164
144
145
146
166
167
148
149
150
151
172
154
155
156
157
158
176
159
177
178
180
163
183
184
165
186
166
187
167
188
169
190
170
191
173
195
174
176
177
198
178
199
179
180
201
202
183
184
185
206
207
190
191
209
193
194
196
198
199
200
201
218
203
204
221
205
222
206
207
225
208
209
227
210
228
229
212
213
231
232
233
218
235
220
221
223
241
225
242
226
243
227
244
228
245
229
230
247
231
248
249
233
250
234
251
235
236
252
237
253
238
254
240
255
241
1
2
244
3
246
5
247
6
249
25
0
251
252
11
13
14
15
16
0
1
3
4
20
21
6
24
8
25
26
27
1
4
30
15
31
18
34
19
35
20
36
21
22
37
23
24
39
25
40
26
41
27
28
43
45
32
33
37
52
53
40
5
5
41
42
57
58
59
60
47
48
49
65
51
52
53
55
68
56
57
70
71
59
61
73
62
74
64
76
65
7
7
66
79
80
81
68
69
83
84
71
86
72
87
73
88
74
89
75
91
77
92
79
80
95
83
97
8
4
98
99
85
101
87
103
104
10
5
91
109
93
110
111
113
114
115
99
100
120
102
103
122
1
05
106
107
125
108
109
127
1
10
128
111
112